-217 -212 -217 -130 -217 -75 219 -217 -159 -22 -124 -217 -159 -22 -40 -217 -131 -217 -214 -217 -47 219 -217 -187 -217 -159 219 -217 -75 -217 -130 -22 -12 -22 -68 219 -217 -214 219 -217 -187 -217 -159 -217 -46 -22 -12 -22 -40 -22 -207 -217 -130 -22 -180 -217 -213 -217 -75 219 -217 -102 -22 -207 -217 -159 -217 -46 -217 -159 -22 -12 -217 -130 -217 -47 -217 -213 50 
-217 -16 -217 -159 -217 -74 -217 -131 -22 -68 -217 -46 -22 -208 -217 -214 -22 -12 -22 -97 106 219 -22 -40 -217 -159 -22 -40 219 -217 -102 -217 -159 -217 -75 -217 -74 -217 -159 219 -217 -214 219 -22 -68 -217 -187 -217 -159 -22 -207 -217 -131 -217 -159 219 -217 -187 -217 -214 -217 -75 -217 -214 -217 -75 219 -22 -12 -217 -46 -217 -213 -217 -75 -217 -130 -217 -131 -217 -131 -217 -159 -217 -130 219 -217 -102 -217 -130 -22 -207 -217 -130 -217 -46 -217 -159 50 219 
-217 -16 219 -217 -75 -217 -214 -22 -152 -217 -213 219 -217 -130 -217 -74 -217 -159 219 -217 -187 -217 -159 -22 -40 219 -217 -75 -217 -214 -217 -75 -22 -12 -22 -181 219 -22 -207 -22 -68 -22 -180 -22 -97 -217 -130 -217 -103 106 219 -217 -213 219 -217 -46 -22 -12 -217 -130 219 -22 -40 -217 -130 -217 -75 -217 -159 219 -217 -18 -22 -69 -217 -75 -217 -159 219 -22 -12 -217 -214 -217 -75 -22 -97 -217 -131 -217 -159 219 -217 -131 -217 -213 -217 -187 -22 -207 -22 -181 -217 -158 -217 -130 -217 -131 -217 -159 50 219 
-217 -155 -22 -124 -217 -159 -22 -40 -217 -131 -217 -214 -217 -47 219 -217 -187 -217 -159 -217 -102 -217 -159 -22 -208 -217 -130 -217 -75 219 -217 -187 -217 -159 -217 -18 -217 -75 -217 -214 -217 -158 -217 -130 106 219 -22 -180 -22 -40 -217 -159 -217 -18 -22 -69 219 -217 -187 -217 -159 -22 -12 -217 -103 -217 -159 -22 -40 -22 -207 -217 -130 -22 -40 -22 -97 106 219 -217 -187 -217 -159 -22 -180 -217 -130 -217 -103 -22 -68 219 -22 -207 -217 -213 -217 -18 -217 -159 -22 -40 -217 -213 219 -217 -102 -217 -46 -217 -214 -217 -158 -217 -130 -22 -40 -22 -12 -22 -181 219 -22 -40 -217 -213 -217 -47 219 -217 -103 -217 -130 -217 -102 -217 -75 -217 -130 -217 -131 -217 -131 -217 -159 219 -217 -214 219 -22 -12 219 -22 -40 -217 -213 -217 -47 -217 -214 -217 -103 219 -217 -47 -217 -159 -217 -75 -217 -159 -22 -12 -22 -12 -217 -213 -217 -75 -22 -97 -217 -131 -22 -69 -217 -103 219 -22 -40 -22 -207 -22 -68 -217 -102 -217 -159 -217 -103 50 

-52 -207 -70 219 -217 -98 -217 -213 219 -217 -46 -217 -213 -22 -208 -217 -213 219 -217 -187 -217 -214 -217 -75 -217 -213 219 -22 -12 -217 -159 -217 -46 -22 -12 -217 -130 -217 -103 219 -217 -186 -217 -213 -22 -40 -22 -68 -217 -187 -217 -214 -217 -75 -217 -213 -22 -12 -22 -97 191 219 -52 -207 -70 219 -217 -159 -217 -18 -22 -207 -217 -213 -22 -40 -217 -214 -217 -75 -22 -12 -22 -181 219 -217 -159 -22 -124 -217 -159 -22 -40 -217 -131 -217 -214 -217 -47 219 -217 -47 219 -217 -102 -22 -207 -217 -159 -217 -46 -217 -159 -22 -12 -217 -130 -217 -47 -22 -68 50 219 
-52 -207 -70 219 -217 -183 -217 -159 -22 -180 -217 -130 -217 -103 -22 -68 219 -217 -18 -22 -69 219 -217 -46 -217 -213 -217 -103 219 -217 -130 -22 -14 219 -217 -131 -217 -130 219 -217 -186 -217 -213 -22 -40 -217 -159 -22 -180 -217 -214 -22 -40 -22 -97 20 
-52 -207 -70 219 -217 -184 -22 -40 -217 -159 219 -217 -46 -22 -69 191 219 -52 -207 -70 219 -217 -46 -217 -159 -22 -12 -217 -47 -217 -75 -217 -214 -217 -47 -217 -131 -22 -68 -217 -75 219 -217 -102 -22 -207 -217 -159 -217 -46 -217 -159 -22 -12 -217 -130 -217 -47 106 219 -22 -68 -217 -102 -217 -214 -217 -46 -217 -75 -22 -14 -217 -131 -217 -131 -217 -159 219 -217 -187 -217 -159 -22 -12 -217 -103 -217 -159 -22 -40 -22 -207 -217 -130 -217 -46 219 -217 -131 -217 -213 219 -217 -187 -22 -207 -217 -159 -22 -124 -217 -159 -217 -158 -217 -130 -217 -74 -217 -159 50 219 
-52 -207 -70 219 -217 -72 219 -217 -103 -217 -130 -217 -131 -22 -181 219 -22 -12 -217 -159 -217 -46 -217 -130 -22 -207 -22 -208 -217 -130 -217 -131 -217 -131 -217 -159 219 -217 -131 -217 -130 -22 -40 219 -217 -131 -217 -213 219 -22 -125 -22 -40 -217 -159 219 -217 -46 -22 -207 -217 -130 -217 -103 -217 -130 -217 -131 -217 -214 106 219 -217 -103 -217 -131 -217 -130 219 -217 -131 -22 -68 -217 -158 -217 -131 -217 -159 219 -22 -12 -217 -187 -217 -214 -217 -75 -217 -214 -22 -40 -22 -97 219 -217 -130 -22 -13 -217 -130 219 161 217 219 -217 -102 -217 -130 -22 -207 -217 -130 -217 -46 -22 -97 -217 -130 -217 -46 191 

-217 -210 219 -217 -102 -22 -207 -217 -159 -217 -46 -217 -159 -22 -12 -217 -130 -217 -47 219 -22 -12 -217 -131 -217 -159 -217 -46 -217 -213 219 -217 -187 -22 -207 -217 -214 -217 -131 -22 -181 -217 -75 -22 -12 -22 -181 219 -217 -186 -217 -213 219 -22 -207 -217 -213 -217 -18 -217 -159 -22 -40 -22 -68 50 

-217 -99 -217 -159 -22 -207 -217 -213 -217 -75 -22 -97 160 219 -22 -40 -22 -207 -22 -68 -217 -102 -217 -159 -217 -75 -22 -153 -217 -18 -217 -214 -217 -130 219 -52 -207 -70 219 -22 -125 -22 -40 -217 -159 106 219 -217 -47 -217 -159 -217 -131 -217 -130 -22 -180 -217 -131 -217 -159 106 219 -22 -124 -217 -159 -22 -207 -217 -159 -22 -208 -217 -159 106 219 -217 -131 -217 -159 219 -217 -131 -217 -130 219 -217 -186 -217 -213 -217 -18 -22 -69 -217 -46 -217 -213 -217 -19 -22 -40 -217 -130 219 -217 -46 -22 -207 -217 -130 -217 -103 -22 -181 219 -217 -159 -22 -40 219 -217 -46 -22 -207 -217 -130 -217 -103 -217 -130 -217 -131 -217 -214 219 -217 -186 -217 -213 -217 -102 -217 -213 -217 -46 -217 -213 -22 -40 -22 -97 -22 -12 -22 -181 219 -217 -46 -217 -159 -217 -187 -22 -207 -217 -159 -22 -12 -217 -159 -217 -103 219 -22 -125 -22 -96 -22 -96 -217 -130 -217 -47 -22 -40 -217 -214 -217 -46 -217 -131 -217 -159 -22 -12 -22 -40 -217 -214 219 -217 -186 -217 -213 -22 -40 -22 -207 -217 -213 -22 -180 -217 -214 -217 -46 -217 -213 -217 -130 -217 -103 -22 -69 -22 -124 219 -22 -68 -22 -12 -217 -214 -217 -75 -217 -214 -217 -19 
-52 -207 -70 219 -217 -18 -22 -69 -22 -40 -22 -97 219 -217 -103 -217 -159 -217 -158 -217 -130 -22 -40 106 219 -217 -131 -217 -130 -217 -18 -217 -159 -217 -75 -22 -97 -22 -208 -217 -159 -217 -130 219 -217 -46 -217 -75 -217 -159 -217 -158 -217 -130 -217 -131 -217 -214 -217 -130 219 -217 -46 -22 -207 -217 -130 -217 -103 -217 -130 -217 -131 -217 -214 219 -217 -214 -217 -75 -217 -214 219 -22 -12 -22 -207 -217 -130 -217 -102 -22 -12 -22 -40 -217 -46 219 -217 -187 -217 -159 -217 -186 -217 -46 -217 -159 -217 -75 -217 -214 -22 -40 219 -217 -46 -22 -69 -217 -187 -217 -159 -217 -75 -217 -131 -22 -181 -22 -40 -22 -97 219 -22 -207 -217 -213 -217 -18 -217 -159 -22 -40 -22 -68 219 -217 -131 -217 -213 -217 -103 -217 -131 -217 -159 -217 -74 -217 -159 219 -217 -18 -22 -69 -22 -12 -22 -40 -22 -207 -217 -130 -217 -130 219 -217 -214 219 -217 -47 -217 -213 -22 -180 -217 -130 -22 -12 -22 -40 -217 -46 -217 -130 -217 -131 -217 -131 -217 -130 -217 -130 50 
