

29 89 80 96 210 110 137 96 68 107 77 96 29 89 80 96 201 119 68 107 80 

219 125 96 134 68 122 96 101 110 107 86 132 96 101 110 107 86 96 68 86 110 96 134 89 80 107 96 125 89 80 96 210 110 137 96 68 107 77 96 125 89 80 96 201 119 68 107 80 96 134 80 119 80 96 74 101 110 122 80 96 83 119 92 80 107 77 122 138 96 14 107 80 96 83 92 107 80 96 77 68 140 96 125 89 80 96 210 110 137 96 92 107 131 92 125 80 77 96 125 89 80 96 201 119 68 107 80 96 125 110 96 77 92 107 107 80 119 96 134 92 125 89 96 89 80 119 96 68 107 77 96 122 68 92 77 96 125 110 96 89 92 104 174 

67 201 110 104 80 132 96 71 128 77 77 140 99 96 201 110 104 80 132 96 104 140 96 77 80 68 119 99 96 219 121 101 101 96 125 119 80 68 125 96 140 110 128 96 89 80 68 119 125 92 101 140 99 133 

195 107 77 96 122 110 96 125 89 80 96 201 119 68 107 80 96 74 68 104 80 96 125 110 96 125 89 80 96 210 110 137 96 83 110 119 96 125 89 80 96 77 92 107 107 80 119 96 113 68 119 125 140 138 96 29 89 80 96 210 110 137 96 89 68 77 96 74 110 110 98 80 77 96 122 80 104 110 101 92 107 68 96 83 110 119 96 125 89 80 96 77 92 107 107 80 119 96 68 107 77 96 122 104 80 68 119 80 77 96 92 125 96 110 131 80 119 96 125 89 80 96 113 101 68 125 80 138 96 29 89 80 107 96 122 89 80 96 122 80 119 131 80 77 96 92 125 96 68 107 77 96 125 119 80 68 125 80 77 96 89 80 119 96 86 128 80 122 125 138 

130 216 80 101 113 96 140 110 128 119 122 80 101 83 96 125 110 96 125 68 122 125 140 96 77 92 107 107 80 119 132 96 104 140 96 77 80 68 119 96 86 110 77 83 68 125 89 80 119 138 96 29 89 68 125 96 134 68 122 96 104 80 96 134 89 110 96 74 110 110 98 80 77 96 92 125 99 133 

29 89 80 96 201 119 68 107 80 96 134 80 107 125 96 113 80 74 98 135 113 80 74 98 96 134 92 125 89 96 89 92 122 96 71 80 68 98 132 96 98 107 110 74 98 80 77 96 68 107 77 96 98 107 110 74 98 80 77 96 71 128 125 96 74 110 128 101 77 107 121 125 96 113 92 74 98 96 80 131 80 107 96 68 96 71 92 125 96 110 83 96 83 68 119 80 138 96 29 89 80 96 210 110 137 96 98 80 113 125 96 101 92 74 98 92 107 86 96 125 89 80 96 74 80 119 80 68 101 96 128 107 125 92 101 96 122 89 80 96 89 68 77 96 80 68 125 80 107 96 92 125 96 68 101 101 138 

38 89 80 107 96 125 89 80 119 80 121 122 96 107 110 96 74 80 119 80 68 101 96 68 125 96 68 101 101 132 96 125 89 80 96 210 110 137 96 122 68 92 77 132 

67 204 110 107 121 125 96 83 80 80 101 96 110 83 83 80 107 77 80 77 132 96 71 128 77 77 140 138 96 29 89 80 119 80 121 122 96 107 110 125 89 92 107 86 96 104 110 119 80 96 125 110 96 125 119 80 68 125 96 140 110 128 133 138 

67 195 107 77 96 125 89 68 107 98 122 96 89 80 119 80 110 107 132 96 77 80 68 119 132 133 96 125 89 80 96 201 119 68 107 80 96 122 68 92 77 132 96 130 107 110 134 96 92 125 121 122 96 140 110 128 119 96 125 128 119 107 96 125 110 96 131 92 122 92 125 96 104 80 133 138 

11 80 137 125 96 77 68 140 96 125 89 80 96 210 110 137 96 74 68 104 80 132 96 68 107 77 96 125 89 80 96 201 119 68 107 80 96 104 68 77 80 96 110 98 119 110 122 89 98 68 96 68 107 77 96 113 110 128 119 80 77 96 92 107 96 92 107 125 110 96 68 96 125 68 101 101 96 113 92 125 74 89 80 119 96 134 92 125 89 96 68 96 107 68 119 119 110 134 96 107 80 74 98 96 68 107 77 96 125 119 80 68 125 80 77 96 125 89 80 96 83 110 137 138 

130 216 80 101 113 96 140 110 128 119 122 80 101 83 96 125 110 96 125 68 122 125 140 96 77 92 107 107 80 119 132 96 104 140 96 77 80 68 119 96 86 110 77 104 110 125 89 80 119 138 96 216 110 107 80 122 125 101 140 132 96 125 89 80 119 80 121 122 96 107 110 125 89 92 107 86 96 104 110 119 80 96 125 110 96 80 107 125 80 119 125 68 92 107 96 140 110 128 133 138 

29 89 80 96 210 110 137 96 122 113 92 107 107 80 77 96 68 119 110 128 107 77 96 125 89 80 96 113 92 125 74 89 80 119 96 68 107 77 96 101 92 74 98 80 77 96 92 125 96 68 107 77 96 122 107 92 83 83 80 77 96 92 125 96 71 128 125 96 74 110 128 101 77 107 121 125 96 80 137 125 119 68 74 125 96 80 131 80 107 96 68 96 77 119 110 113 96 110 83 96 125 89 80 96 122 110 128 113 138 96 216 80 119 96 89 80 68 77 96 134 110 128 101 77 107 121 125 96 83 92 125 96 125 89 80 96 113 92 125 74 89 80 119 96 68 125 96 68 101 101 138 

8 80 68 107 134 89 92 101 80 96 125 89 80 96 201 119 68 107 80 96 122 128 74 98 80 77 96 125 89 80 96 122 110 128 113 96 134 92 125 89 96 89 92 122 96 101 110 107 86 96 71 92 101 101 138 96 38 89 80 107 96 80 131 80 119 140 125 89 92 107 86 96 89 68 77 96 71 80 80 107 96 80 68 125 80 107 132 96 89 80 96 122 68 92 77 96 125 110 96 125 89 80 96 210 110 137 132 

67 204 110 107 121 125 96 83 80 80 101 96 110 83 83 80 107 77 80 77 132 96 77 80 68 119 138 96 29 89 80 119 80 121 122 96 107 110 125 89 92 107 86 96 104 110 119 80 96 125 110 96 125 119 80 68 125 96 140 110 128 133 138 

29 89 80 96 210 110 137 96 86 110 125 96 131 80 119 140 96 68 107 86 119 140 96 68 122 96 122 89 80 96 89 110 113 80 77 96 125 110 96 71 80 96 83 128 101 101 96 128 113 96 83 110 119 96 125 89 80 96 134 89 110 101 80 96 134 80 80 98 96 68 101 110 107 86 138 96 26 110 96 122 89 80 96 101 80 83 125 96 80 104 113 125 140 135 89 68 107 77 80 77 138 

195 107 77 96 125 89 68 125 96 134 68 122 96 68 96 125 92 125 96 83 110 119 96 125 68 125 99 96 26 110 132 96 125 89 80 96 210 110 137 96 68 107 77 96 125 89 80 96 201 119 68 107 80 96 89 68 77 107 121 125 96 71 80 80 107 96 83 119 92 80 107 77 122 96 68 107 140 104 110 119 80 96 122 92 107 74 80 96 125 89 80 107 138 
