-144 -41 -144 -2 -144 -207 96 -144 -198 -141 -146 -144 -198 -141 -155 -144 -201 -144 -216 -144 -210 96 -144 -195 -144 -198 96 -144 -207 -144 -2 -141 -158 -141 -152 96 -144 -216 96 -144 -195 -144 -198 -144 -11 -141 -158 -141 -155 -141 -161 -144 -2 -141 -140 -144 -17 -144 -207 96 -144 -5 -141 -161 -144 -198 -144 -11 -144 -198 -141 -158 -144 -2 -144 -210 -144 -17 138 
-144 -62 -144 -198 -144 -8 -144 -201 -141 -152 -144 -11 -141 -137 -144 -216 -141 -158 -141 -125 132 96 -141 -155 -144 -198 -141 -155 96 -144 -5 -144 -198 -144 -207 -144 -8 -144 -198 96 -144 -216 96 -141 -152 -144 -195 -144 -198 -141 -161 -144 -201 -144 -198 96 -144 -195 -144 -216 -144 -207 -144 -216 -144 -207 96 -141 -158 -144 -11 -144 -17 -144 -207 -144 -2 -144 -201 -144 -201 -144 -198 -144 -2 96 -144 -5 -144 -2 -141 -161 -144 -2 -144 -11 -144 -198 138 96 
-144 -62 96 -144 -207 -144 -216 -141 -143 -144 -17 96 -144 -2 -144 -8 -144 -198 96 -144 -195 -144 -198 -141 -155 96 -144 -207 -144 -216 -144 -207 -141 -158 -141 -116 96 -141 -161 -141 -152 -141 -140 -141 -125 -144 -2 -144 -204 132 96 -144 -17 96 -144 -11 -141 -158 -144 -2 96 -141 -155 -144 -2 -144 -207 -144 -198 96 -144 -14 -141 -128 -144 -207 -144 -198 96 -141 -158 -144 -216 -144 -207 -141 -125 -144 -201 -144 -198 96 -144 -201 -144 -17 -144 -195 -141 -161 -141 -116 -144 -222 -144 -2 -144 -201 -144 -198 138 96 
-144 -71 -141 -146 -144 -198 -141 -155 -144 -201 -144 -216 -144 -210 96 -144 -195 -144 -198 -144 -5 -144 -198 -141 -137 -144 -2 -144 -207 96 -144 -195 -144 -198 -144 -14 -144 -207 -144 -216 -144 -222 -144 -2 132 96 -141 -140 -141 -155 -144 -198 -144 -14 -141 -128 96 -144 -195 -144 -198 -141 -158 -144 -204 -144 -198 -141 -155 -141 -161 -144 -2 -141 -155 -141 -125 132 96 -144 -195 -144 -198 -141 -140 -144 -2 -144 -204 -141 -152 96 -141 -161 -144 -17 -144 -14 -144 -198 -141 -155 -144 -17 96 -144 -5 -144 -11 -144 -216 -144 -222 -144 -2 -141 -155 -141 -158 -141 -116 96 -141 -155 -144 -17 -144 -210 96 -144 -204 -144 -2 -144 -5 -144 -207 -144 -2 -144 -201 -144 -201 -144 -198 96 -144 -216 96 -141 -158 96 -141 -155 -144 -17 -144 -210 -144 -216 -144 -204 96 -144 -210 -144 -198 -144 -207 -144 -198 -141 -158 -141 -158 -144 -17 -144 -207 -141 -125 -144 -201 -141 -128 -144 -204 96 -141 -155 -141 -161 -141 -152 -144 -5 -144 -198 -144 -204 138 

-90 -161 -104 96 -144 -101 -144 -17 96 -144 -11 -144 -17 -141 -137 -144 -17 96 -144 -195 -144 -216 -144 -207 -144 -17 96 -141 -158 -144 -198 -144 -11 -141 -158 -144 -2 -144 -204 96 -144 -219 -144 -17 -141 -155 -141 -152 -144 -195 -144 -216 -144 -207 -144 -17 -141 -158 -141 -125 99 96 -90 -161 -104 96 -144 -198 -144 -14 -141 -161 -144 -17 -141 -155 -144 -216 -144 -207 -141 -158 -141 -116 96 -144 -198 -141 -146 -144 -198 -141 -155 -144 -201 -144 -216 -144 -210 96 -144 -210 96 -144 -5 -141 -161 -144 -198 -144 -11 -144 -198 -141 -158 -144 -2 -144 -210 -141 -152 138 96 
-90 -161 -104 96 -144 -68 -144 -198 -141 -140 -144 -2 -144 -204 -141 -152 96 -144 -14 -141 -128 96 -144 -11 -144 -17 -144 -204 96 -144 -2 -141 -110 96 -144 -201 -144 -2 96 -144 -219 -144 -17 -141 -155 -144 -198 -141 -140 -144 -216 -141 -155 -141 -125 189 
-90 -161 -104 96 -144 -44 -141 -155 -144 -198 96 -144 -11 -141 -128 99 96 -90 -161 -104 96 -144 -11 -144 -198 -141 -158 -144 -210 -144 -207 -144 -216 -144 -210 -144 -201 -141 -152 -144 -207 96 -144 -5 -141 -161 -144 -198 -144 -11 -144 -198 -141 -158 -144 -2 -144 -210 132 96 -141 -152 -144 -5 -144 -216 -144 -11 -144 -207 -141 -110 -144 -201 -144 -201 -144 -198 96 -144 -195 -144 -198 -141 -158 -144 -204 -144 -198 -141 -155 -141 -161 -144 -2 -144 -11 96 -144 -201 -144 -17 96 -144 -195 -141 -161 -144 -198 -141 -146 -144 -198 -144 -222 -144 -2 -144 -8 -144 -198 138 96 
-90 -161 -104 96 -144 -56 96 -144 -204 -144 -2 -144 -201 -141 -116 96 -141 -158 -144 -198 -144 -11 -144 -2 -141 -161 -141 -137 -144 -2 -144 -201 -144 -201 -144 -198 96 -144 -201 -144 -2 -141 -155 96 -144 -201 -144 -17 96 -141 -122 -141 -155 -144 -198 96 -144 -11 -141 -161 -144 -2 -144 -204 -144 -2 -144 -201 -144 -216 132 96 -144 -204 -144 -201 -144 -2 96 -144 -201 -141 -152 -144 -222 -144 -201 -144 -198 96 -141 -158 -144 -195 -144 -216 -144 -207 -144 -216 -141 -155 -141 -125 96 -144 -2 -141 -134 -144 -2 96 150 144 96 -144 -5 -144 -2 -141 -161 -144 -2 -144 -11 -141 -125 -144 -2 -144 -11 99 

-144 -89 96 -144 -5 -141 -161 -144 -198 -144 -11 -144 -198 -141 -158 -144 -2 -144 -210 96 -141 -158 -144 -201 -144 -198 -144 -11 -144 -17 96 -144 -195 -141 -161 -144 -216 -144 -201 -141 -116 -144 -207 -141 -158 -141 -116 96 -144 -219 -144 -17 96 -141 -161 -144 -17 -144 -14 -144 -198 -141 -155 -141 -152 138 

-144 -77 -144 -198 -141 -161 -144 -17 -144 -207 -141 -125 174 96 -141 -155 -141 -161 -141 -152 -144 -5 -144 -198 -144 -207 -141 -119 -144 -14 -144 -216 -144 -2 96 -90 -161 -104 96 -141 -122 -141 -155 -144 -198 132 96 -144 -210 -144 -198 -144 -201 -144 -2 -141 -140 -144 -201 -144 -198 132 96 -141 -146 -144 -198 -141 -161 -144 -198 -141 -137 -144 -198 132 96 -144 -201 -144 -198 96 -144 -201 -144 -2 96 -144 -219 -144 -17 -144 -14 -141 -128 -144 -11 -144 -17 -144 -213 -141 -155 -144 -2 96 -144 -11 -141 -161 -144 -2 -144 -204 -141 -116 96 -144 -198 -141 -155 96 -144 -11 -141 -161 -144 -2 -144 -204 -144 -2 -144 -201 -144 -216 96 -144 -219 -144 -17 -144 -5 -144 -17 -144 -11 -144 -17 -141 -155 -141 -125 -141 -158 -141 -116 96 -144 -11 -144 -198 -144 -195 -141 -161 -144 -198 -141 -158 -144 -198 -144 -204 96 -141 -122 -141 -149 -141 -149 -144 -2 -144 -210 -141 -155 -144 -216 -144 -11 -144 -201 -144 -198 -141 -158 -141 -155 -144 -216 96 -144 -219 -144 -17 -141 -155 -141 -161 -144 -17 -141 -140 -144 -216 -144 -11 -144 -17 -144 -2 -144 -204 -141 -128 -141 -146 96 -141 -152 -141 -158 -144 -216 -144 -207 -144 -216 -144 -213 
-90 -161 -104 96 -144 -14 -141 -128 -141 -155 -141 -125 96 -144 -204 -144 -198 -144 -222 -144 -2 -141 -155 132 96 -144 -201 -144 -2 -144 -14 -144 -198 -144 -207 -141 -125 -141 -137 -144 -198 -144 -2 96 -144 -11 -144 -207 -144 -198 -144 -222 -144 -2 -144 -201 -144 -216 -144 -2 96 -144 -11 -141 -161 -144 -2 -144 -204 -144 -2 -144 -201 -144 -216 96 -144 -216 -144 -207 -144 -216 96 -141 -158 -141 -161 -144 -2 -144 -5 -141 -158 -141 -155 -144 -11 96 -144 -195 -144 -198 -144 -219 -144 -11 -144 -198 -144 -207 -144 -216 -141 -155 96 -144 -11 -141 -128 -144 -195 -144 -198 -144 -207 -144 -201 -141 -116 -141 -155 -141 -125 96 -141 -161 -144 -17 -144 -14 -144 -198 -141 -155 -141 -152 96 -144 -201 -144 -17 -144 -204 -144 -201 -144 -198 -144 -8 -144 -198 96 -144 -14 -141 -128 -141 -158 -141 -155 -141 -161 -144 -2 -144 -2 96 -144 -216 96 -144 -210 -144 -17 -141 -140 -144 -2 -141 -158 -141 -155 -144 -11 -144 -2 -144 -201 -144 -201 -144 -2 -144 -2 96 141 141 141 138 
